0 359 966
0 115 81
0 74 236
0 205 186
0 498 763
0 326 124
0 84 1016
0 488 487
0 886 346
0 611 563
0 201 922
0 306 13
0 561 88
0 346 293
0 261 791
0 745 94
0 427 178
0 198 667
0 84 529
0 386 116
0 289 317
0 135 624
0 62 161
0 225 508
0 574 769
0 663 490
0 875 918
0 56 92
0 748 176
0 763 562
1 359 966
1 115 81
0 359 966
0 115 81
0 74 236
0 205 186
0 498 763
0 326 124
0 84 1016
0 488 487
0 886 346
0 611 563
0 201 922
0 306 13
0 561 88
0 346 293
0 261 791
0 745 94
0 427 178
0 198 667
0 84 529
0 386 116
0 289 317
0 135 624
0 62 161
0 225 508
0 574 769
0 663 490
0 875 918
0 56 92
0 748 176
0 763 562
1 359 966
1 115 81
0 359 966
0 115 81
0 74 236
0 205 186
0 498 763
0 326 124
0 84 1016
0 488 487
0 886 346
0 611 563
0 201 922
0 306 13
0 561 88
0 346 293
0 745 94
4 198 667
4 326 124
4 886 346
4 427 178
4 201 922
4 488 487
4 84 529
4 346 293
4 498 763
4 115 81
4 561 88
0 261 791
4 261 791
0 427 178
0 198 667
0 84 529
0 386 116
0 289 317
0 135 624
0 62 161
0 225 508
0 574 769
0 663 490
4 306 13
4 205 186
4 84 1016
4 84 1016
4 745 94
4 611 563
4 74 236
4 261 791
4 198 667
4 326 124
4 886 346
4 427 178
4 201 922
4 488 487
4 84 529
4 346 293
4 498 763
4 115 81
4 561 88
4 84 1016
0 261 791
0 745 94
0 427 178
0 198 667
0 84 529
0 386 116
0 289 317
0 135 624
0 62 161
0 225 508
0 574 769
0 663 490
4 306 13
4 205 186
4 84 1016
4 261 791
4 745 94
4 611 563
4 74 236
4 386 116
4 386 116
4 198 667
4 326 124
4 886 346
4 427 178
4 201 922
